# id	left	top	right	bottom	texture_id
[SPRITES]
# ===============BULLET ===============
#RIGHT
50001	128	217	136	225	50
50002	139	217	147	225	50
50003	150	217	158	225	50
50004	161	217	169	225	50

#LEFT
50011	128	232	136	240	50
50012	139	232	147	240	50
50013	150	232	158	240	50
50014	161	232	169	240	50

# ani_id	sprite1_id	time1	sprite2_id	time2	...
[ANIMATIONS]
# ===============BULLET ===============
#RIGHT
5001	50001	100	50002	100	50003	100	50004	100
#LEFT
5002	50011	100	50012	100	50013	100	50014	100

