# id	left	top	right	bottom	texture_id
[SPRITES]
#BOARD
99001	3	3	236	32	60

#SPEEDBAR
#1
99010	2	11	67	18	70
#2
99011	2	20	67	27	70
#3
99012	2	29	67	36	70
#4
99013	2	38	67	45	70
#5
99014	2	47	67	54	70
#6
99015	2	56	67	63	70
#7
99016	2	65	67	72	70
#0
99017	2	2	67	9	70

#BACKGROUND
99999	0	0	320	90	80

#=============NUMBER======================
# num 0
99020	33	32	42	39	60
# num 1
99021	43	32	52	39	60
# num 2
99022	53	32	62	39	60
# num 3
99023	63	32	72	39	60
# num 4
99024	73	32	82	39	60
# num 5
99025	83	32	92	39	60
# num 6
99026	93	32	102	39	60
# num 7
99027	103	32	112	39	60
# num 8
99028	113	32	122	39	60
# num 9
99029	123	32	132	39	60

# ani_id	sprite1_id	time1	sprite2_id	time2	...
[ANIMATIONS]
#BOARD
9901	99001	100

#SPEEDBAR
#1
9910	99010	100
#2
9911	99011	100
#3
9912	99012	100
#4
9913	99013	100
#5
9914	99014	100
#6
9915	99015	100
#7
9916	99016	100
#0
9917	99017	100
#power-up
9918	99016	50	99017	50

#BACKGROUND
9999	99999	100

#=============NUMBER======================
#num 0
9920	99020	100
#num 1
9921	99021	100
#num 2
9922	99022	100
#num 3
9923	99023	100
#num 4
9924	99024	100
#num 5
9925	99025	100
#num 6
9926	99026	100
#num 7
9927	99027	100
#num 8
9928	99028	100
#num 9
9929	99029	100