# list of object assets to load in this scene
[ASSETS]
assets\mario.txt
assets\brick.txt
assets\coin.txt
assets\goomba.txt
assets\cloud.txt
assets\background_1-1.txt
assets\item.txt
assets\funnel.txt
assets\venus.txt
assets\koopas.txt
assets\bullet.txt
assets\hud.txt
#
#
#map_id	matrix_path	width	height
[MAPS]
10000	map\tilemap_1-1.txt	3392	432
#
[OBJECTS]
# type	x	y	extra_settings per object type
# type: 0 = Mario , 1 = Brick, 2 = Goomba, 3 = Koopas
# See OBJECT_TYPE constants in AssetIDs.h

# MARIO
0	3000	140

# BRICKS
1	202	352	100	4
1	187	352	100	1
1	234	304	100	4
1	250	304	100	4
1	442	304	100	0
1	666	384	100	1
1	714	347	100	0
1	1962	400	300	3
1	1978	384	300	0
1	1978	400	300	0
1	1994	368	300	0
1	1994	384	300	0
1	1994	400	300	0
1	2010	368	300	0
1	2010	384	300	0
1	2010	400	300	0
1	2026	368	300	0
1	2026	384	300	0
1	2026	400	300	0
1	2042	400	300	0
1	2106	384	300	0
1	2106	400	300	0
1	2122	400	300	0
#wood brick
1	1706	400	200	0
1	1690	384	200	0
1	1690	400	200	0
1	1674	368	200	0
1	1674	384	200	0
1	1674	400	200	0
1	1610	368	200	0
1	1610	384	200	0
1	1610	400	200	0
1	1594	384	200	0
1	1594	400	200	0
1	1578	400	200	0
1	1530	336	200	0
1	1514	336	200	0

#COIN
4	1083	320
4	1115	288
4	1147	256
4	1179	224
4	1211	192
4	1339	80
4	1355	80
4	1371	80
4	1483	112
4	1499	112
4	1547	128
4	1563	128
4	1579	128
4	1595	128
4	1627	112
4	1643	112
4	1659	112
4	1675	112
4	1707	144
4	1739	112
4	1771	128
4	1819	96
4	1851	128

#Venus
7	370	378	10
7	1874	380	20
7	1810	396	30

# FUNNEL
6	370	384	100	0	0	0	0
6	1810	392	0	0	0	0	0	
6	1874	384	100	0	0	0	0
6	2274	384	300	0	0	0	0
6	2274	208	400	1	2994	248	0
6	2338	392	0	0	0	0	0
6	3218	248	200	1	2338	390	1
6	2994	248	200	0	0	0	1

#Goomba
2	330	400	1000	4	5	2	3
2	618	400	1000	3	5	4	5
2	1040	370	1000	3	4	8	9
2	940	370	3000	3	5	7	8

#Koopas
8	587	360	1000	3	4	4	5
8	1338	296	3000	2	3	10	11
8	1386	296	3000	2	3	10	11
8	1434	296	3000	3	5	11	12

#Platform
5	10	416	16	16	39	1
5	634	416	16	16	29	1
5	634	400	16	16	29	1
5	1162	416	16	16	22	1
5	1546	416	16	16	5	1
5	1674	416	16	16	36	1
5	2266	416	16	16	35	1
5	362	368	16	16	2	0
5	250	368	16	16	3	0
5	282	336	16	16	3	0
5	410	368	16	16	5	0
5	474	336	16	16	4	0
5	522	384	16	16	6	0
5	522	304	16	16	4	0
5	1274	384	16	16	7	0
5	1306	352	16	16	7	0
5	1338	320	16	16	7	0
5	1322	144	16	16	4	0
5	1418	192	16	16	4	0
5	1496	176	16	16	13	1
5	10	440	16	16	177	2
5	2154	368	16	16	3	0
5	2186	272	16	16	3	0
5	2842	328	16	192	9	1
5	2986	408	16	32	8	1
5	3114	400	16	48	16	1
5	3130	368	16	16	15	1
5	3146	352	16	16	14	1
5	3162	336	16	16	13	1
5	3178	320	16	16	12	1
5	3194	304	16	16	11	1
5	3242	266	16	64	8	1
5	3018	240	16	16	12	1

