# list of object assets to load in this scene
[ASSETS]
assets\mario.txt
assets\background-worldmap.txt
assets\worldmap_object.txt
assets\hud.txt
#
#map_id	matrix_path	width	height
[MAPS]
30000	map\matrix_worldmap.txt	272	176
#
[OBJECTS]
# type	x	y	extra_settings per object type
# type: 0 = Mario , 1 = Brick, 2 = Goomba, 3 = Koopas
# See OBJECT_TYPE constants in AssetIDs.h

# MARIO
0	36	48

# BRICKS
1	32	96	200	0
1	48	96	200	0
1	16	112	200	0
1	32	112	200	0
1	48	112	200	0
1	16	128	200	0
1	32	128	200	0
1	48	128	200	0
1	16	144	200	0
1	32	144	200	0
1	48	144	200	0
1	80	96	200	0
1	64	160	200	0
1	80	160	200	0
1	96	160	200	0
1	112	160	200	0
1	128	160	200	0
1	144	144	200	0
1	144	128	200	0
1	112	128	200	0
1	96	128	200	0
1	80	128	200	0
1	144	96	200	0
1	160	128	200	0
1	176	128	200	0
1	192	128	200	0
1	80	112	200	0
1	160	96	200	0
1	176	96	200	0
1	192	96	200	0
1	208	112	200	0

#==============WORLDMAP OBJECTS==========
#type	x	y	ani_set	GL_Obj_Type
#PLANT
11	16	16	1
11	16	32	1
11	16	64	1
11	16	80	1
11	16	96	1
11	32	16	1
11	32	32	1
11	32	64	1
11	32	80	1
11	48	16	1
11	48	32	1
11	48	64	1
11	48	80	1
11	80	32	1
11	80	48	1
11	80	64	1
11	96	32	1
11	96	48	1
11	96	64	1
11	96	96	1
11	112	32	1
11	112	48	1
11	112	64	1
11	112	96	1
11	128	96	1
11	144	32	1
11	144	64	1
11	144	80	1
11	160	32	1
11	160	64	1
11	160	80	1
11	176	32	1
11	176	64	1
11	192	64	1
11	208	16	1
11	208	32	1
11	208	48	1
11	208	64	1
11	224	16	1
11	224	32	1
11	224	48	1
11	224	64	1
11	224	80	1
11	224	96	1
11	224	112	1
11	224	128	1
11	224	144	1

#help
11	208	96	2

#guard
11	144	112	3
# PLATFORM


#Portal 
50	32	48	48	64	0	0	0	1	0	0
50	64	16	80	32	1	2	0	1	0	1
50	64	48	80	64	0	0	1	0	1	1
50	64	80	80	96	0	0	0	1	1	1
50	64	112	80	128	0	0	0	0	1	1
50	64	144	80	160	0	0	0	1	1	0
50	96	16	112	32	0	0	1	1	0	0
50	96	80	112	96	0	0	1	1	0	0
50	96	112	112	128	0	0	0	1	0	0
50	96	144	112	160	0	0	1	1	0	0
50	128	16	144	32	0	0	1	1	0	1
50	128	48	144	64	0	0	0	1	1	1
50	128	80	144	96	0	0	1	0	1	0
50	128	112	144	128	0	0	1	1	0	1
50	128	144	144	160	0	0	1	0	1	0
50	160	16	186	32	0	0	1	1	0	0
50	160	48	186	64	0	0	1	1	0	0
50	160	112	186	128	0	0	1	1	0	0
50	192	16	208	32	0	0	1	0	0	1
50	192	48	208	64	0	0	1	0	1	0
50	192	112	208	128	0	0	1	0	0	0
